
                                 *****************
                                 * O   R   C   A *
                                 *****************

                                            #,                                       
                                            ###                                      
                                            ####                                     
                                            #####                                    
                                            ######                                   
                                           ########,                                 
                                     ,,################,,,,,                         
                               ,,#################################,,                 
                          ,,##########################################,,             
                       ,#########################################, ''#####,          
                    ,#############################################,,   '####,        
                  ,##################################################,,,,####,       
                ,###########''''           ''''###############################       
              ,#####''   ,,,,##########,,,,          '''####'''          '####       
            ,##' ,,,,###########################,,,                        '##       
           ' ,,###''''                  '''############,,,                           
         ,,##''                                '''############,,,,        ,,,,,,###''
      ,#''                                            '''#######################'''  
     '                                                          ''''####''''         
             ,#######,   #######,   ,#######,      ##                                
            ,#'     '#,  ##    ##  ,#'     '#,    #''#        ######   ,####,        
            ##       ##  ##   ,#'  ##            #'  '#       #        #'  '#        
            ##       ##  #######   ##           ,######,      #####,   #    #        
            '#,     ,#'  ##    ##  '#,     ,#' ,#      #,         ##   #,  ,#        
             '#######'   ##     ##  '#######'  #'      '#     #####' # '####'        



                  #######################################################
                  #                        -***-                        #
                  #          Department of theory and spectroscopy      #
                  #    Directorship and core code : Frank Neese         #
                  #        Max Planck Institute fuer Kohlenforschung    #
                  #                Kaiser Wilhelm Platz 1               #
                  #                 D-45470 Muelheim/Ruhr               #
                  #                      Germany                        #
                  #                                                     #
                  #                  All rights reserved                #
                  #                        -***-                        #
                  #######################################################


                         Program Version 5.0.4 -  RELEASE  -


 With contributions from (in alphabetic order):
   Daniel Aravena         : Magnetic Suceptibility
   Michael Atanasov       : Ab Initio Ligand Field Theory (pilot matlab implementation)
   Alexander A. Auer      : GIAO ZORA, VPT2 properties, NMR spectrum
   Ute Becker             : Parallelization
   Giovanni Bistoni       : ED, misc. LED, open-shell LED, HFLD
   Martin Brehm           : Molecular dynamics
   Dmytro Bykov           : SCF Hessian
   Vijay G. Chilkuri      : MRCI spin determinant printing, contributions to CSF-ICE
   Dipayan Datta          : RHF DLPNO-CCSD density
   Achintya Kumar Dutta   : EOM-CC, STEOM-CC
   Dmitry Ganyushin       : Spin-Orbit,Spin-Spin,Magnetic field MRCI
   Miquel Garcia          : C-PCM and meta-GGA Hessian, CC/C-PCM, Gaussian charge scheme
   Yang Guo               : DLPNO-NEVPT2, F12-NEVPT2, CIM, IAO-localization
   Andreas Hansen         : Spin unrestricted coupled pair/coupled cluster methods
   Benjamin Helmich-Paris : MC-RPA, TRAH-SCF, COSX integrals
   Lee Huntington         : MR-EOM, pCC
   Robert Izsak           : Overlap fitted RIJCOSX, COSX-SCS-MP3, EOM
   Marcus Kettner         : VPT2
   Christian Kollmar      : KDIIS, OOCD, Brueckner-CCSD(T), CCSD density, CASPT2, CASPT2-K
   Simone Kossmann        : Meta GGA functionals, TD-DFT gradient, OOMP2, MP2 Hessian
   Martin Krupicka        : Initial AUTO-CI
   Lucas Lang             : DCDCAS
   Marvin Lechner         : AUTO-CI (C++ implementation), FIC-MRCC
   Dagmar Lenk            : GEPOL surface, SMD
   Dimitrios Liakos       : Extrapolation schemes; Compound Job, initial MDCI parallelization
   Dimitrios Manganas     : Further ROCIS development; embedding schemes
   Dimitrios Pantazis     : SARC Basis sets
   Anastasios Papadopoulos: AUTO-CI, single reference methods and gradients
   Taras Petrenko         : DFT Hessian,TD-DFT gradient, ASA, ECA, R-Raman, ABS, FL, XAS/XES, NRVS
   Peter Pinski           : DLPNO-MP2, DLPNO-MP2 Gradient
   Christoph Reimann      : Effective Core Potentials
   Marius Retegan         : Local ZFS, SOC
   Christoph Riplinger    : Optimizer, TS searches, QM/MM, DLPNO-CCSD(T), (RO)-DLPNO pert. Triples
   Tobias Risthaus        : Range-separated hybrids, TD-DFT gradient, RPA, STAB
   Michael Roemelt        : Original ROCIS implementation
   Masaaki Saitow         : Open-shell DLPNO-CCSD energy and density
   Barbara Sandhoefer     : DKH picture change effects
   Avijit Sen             : IP-ROCIS
   Kantharuban Sivalingam : CASSCF convergence, NEVPT2, FIC-MRCI
   Bernardo de Souza      : ESD, SOC TD-DFT
   Georgi Stoychev        : AutoAux, RI-MP2 NMR, DLPNO-MP2 response
   Willem Van den Heuvel  : Paramagnetic NMR
   Boris Wezisla          : Elementary symmetry handling
   Frank Wennmohs         : Technical directorship


 We gratefully acknowledge several colleagues who have allowed us to
 interface, adapt or use parts of their codes:
   Stefan Grimme, W. Hujo, H. Kruse, P. Pracht,  : VdW corrections, initial TS optimization,
                  C. Bannwarth, S. Ehlert          DFT functionals, gCP, sTDA/sTD-DF
   Ed Valeev, F. Pavosevic, A. Kumar             : LibInt (2-el integral package), F12 methods
   Garnet Chan, S. Sharma, J. Yang, R. Olivares  : DMRG
   Ulf Ekstrom                                   : XCFun DFT Library
   Mihaly Kallay                                 : mrcc  (arbitrary order and MRCC methods)
   Jiri Pittner, Ondrej Demel                    : Mk-CCSD
   Frank Weinhold                                : gennbo (NPA and NBO analysis)
   Christopher J. Cramer and Donald G. Truhlar   : smd solvation model
   Lars Goerigk                                  : TD-DFT with DH, B97 family of functionals
   V. Asgeirsson, H. Jonsson                     : NEB implementation
   FAccTs GmbH                                   : IRC, NEB, NEB-TS, DLPNO-Multilevel, CI-OPT
                                                   MM, QMMM, 2- and 3-layer-ONIOM, Crystal-QMMM,
                                                   LR-CPCM, SF, NACMEs, symmetry and pop. for TD-DFT,
                                                   nearIR, NL-DFT gradient (VV10), updates on ESD,
                                                   ML-optimized integration grids
   S Lehtola, MJT Oliveira, MAL Marques          : LibXC Library
   Liviu Ungur et al                             : ANISO software


 Your calculation uses the libint2 library for the computation of 2-el integrals
 For citations please refer to: http://libint.valeyev.net

 Your ORCA version has been built with support for libXC version: 5.1.0
 For citations please refer to: https://tddft.org/programs/libxc/

 This ORCA versions uses:
   CBLAS   interface :  Fast vector & matrix operations
   LAPACKE interface :  Fast linear algebra routines
   SCALAPACK package :  Parallel linear algebra routines
   Shared memory     :  Shared parallel matrices
   BLAS/LAPACK       :  OpenBLAS 0.3.15  USE64BITINT DYNAMIC_ARCH NO_AFFINITY Haswell SINGLE_THREADED
        Core in use  :  Haswell
   Copyright (c) 2011-2014, The OpenBLAS Project


================================================================================

----- Orbital basis set information -----
Your calculation utilizes the basis: 6-31G
   H-He, Li-Ne : W. J. Hehre, R. Ditchfield and J.A. Pople, J. Chem. Phys. 56, 2257 (1972).
                 Note: He and Ne are unpublished basis sets taken from the Gaussian program.
                 Note: Li and B from J. D. Dill and J. A. Pople, J. Chem. Phys. 62, 2921 (1975).
   Na - Ar     : M. M. Francl, W. J. Pietro, W. J. Hehre, J. S. Binkley, M. S. Gordon, 
                 D. J. DeFrees and J. A. Pople, J. Chem. Phys. 77, 3654 (1982).
   K - Zn      : V. A. Rassolov, J. A. Pople, M. A. Ratner, and T. L. Windus, J. Chem. Phys. 109, 1223 (1998).

================================================================================
                                        WARNINGS
                       Please study these warnings very carefully!
================================================================================


INFO   : the flag for use of the SHARK integral package has been found!

================================================================================
                                       INPUT FILE
================================================================================
NAME = h2o_6-31G.inp
|  1> ! SP RHF 6-31G
|  2> 
|  3> %output
|  4>    Print[P_Overlap] 1
|  5>    Print[P_OneElec] 1
|  6>    Print[P_Density] 1
|  7>    Print[P_Fockian] 1
|  8>    Print[P_Iter_F]  1
|  9> end
| 10> 
| 11> * xyz 0 1
| 12> O    0.0000   -0.7920    0.7920
| 13> H    0.0000    0.0000    0.0000
| 14> H    0.0626   -0.4973   -0.4973
| 15> **                         ****END OF INPUT****
================================================================================

                       ****************************
                       * Single Point Calculation *
                       ****************************

---------------------------------
CARTESIAN COORDINATES (ANGSTROEM)
---------------------------------
  O      0.000000   -0.792000    0.792000
  H      0.000000    0.000000    0.000000
  H      0.062600   -0.497300   -0.497300

----------------------------
CARTESIAN COORDINATES (A.U.)
----------------------------
  NO LB      ZA    FRAG     MASS         X           Y           Z
   0 O     8.0000    0    15.999    0.000000   -1.496663    1.496663
   1 H     1.0000    0     1.008    0.000000    0.000000    0.000000
   2 H     1.0000    0     1.008    0.118297   -0.939761   -0.939761

--------------------------------
INTERNAL COORDINATES (ANGSTROEM)
--------------------------------
 O      0   0   0     0.000000000000     0.00000000     0.00000000
 H      1   0   0     1.120057141399     0.00000000     0.00000000
 H      2   1   0     0.706068934312    90.00000000     0.00000000

---------------------------
INTERNAL COORDINATES (A.U.)
---------------------------
 O      0   0   0     0.000000000000     0.00000000     0.00000000
 H      1   0   0     2.116601251588     0.00000000     0.00000000
 H      2   1   0     1.334276917519    90.00000000     0.00000000

---------------------
BASIS SET INFORMATION
---------------------
There are 2 groups of distinct atoms

 Group   1 Type O   : 10s4p contracted to 3s2p pattern {631/31}
 Group   2 Type H   : 4s contracted to 2s pattern {31}

Atom   0O    basis set group =>   1
Atom   1H    basis set group =>   2
Atom   2H    basis set group =>   2
------------------------------------------------------------------------------
                           ORCA GTO INTEGRAL CALCULATION
------------------------------------------------------------------------------
------------------------------------------------------------------------------
                   ___                                                        
                  /   \      - P O W E R E D   B Y -                         
                 /     \                                                     
                 |  |  |   _    _      __       _____    __    __             
                 |  |  |  | |  | |    /  \     |  _  \  |  |  /  |          
                  \  \/   | |  | |   /    \    | | | |  |  | /  /          
                 / \  \   | |__| |  /  /\  \   | |_| |  |  |/  /          
                |  |  |   |  __  | /  /__\  \  |    /   |      \           
                |  |  |   | |  | | |   __   |  |    \   |  |\   \          
                \     /   | |  | | |  |  |  |  | |\  \  |  | \   \       
                 \___/    |_|  |_| |__|  |__|  |_| \__\ |__|  \__/        
                                                                              
                      - O R C A' S   B I G   F R I E N D -                    
                                      &                                       
                       - I N T E G R A L  F E E D E R -                       
                                                                              
 v1 FN, 2020, v2 2021                                                         
------------------------------------------------------------------------------


Reading SHARK input file h2o_6-31G.SHARKINP.tmp ... ok
----------------------
SHARK INTEGRAL PACKAGE
----------------------

Number of atoms                             ...      3
Number of basis functions                   ...     13
Number of shells                            ...      9
Maximum angular momentum                    ...      1
Integral batch strategy                     ... SHARK/LIBINT Hybrid
RI-J (if used) integral strategy            ... SPLIT-RIJ (Revised 2003 algorithm where possible)
Printlevel                                  ...      1
Contraction scheme used                     ... SEGMENTED contraction
Coulomb Range Separation                    ... NOT USED
Exchange Range Separation                   ... NOT USED
Finite Nucleus Model                        ... NOT USED
Auxiliary Coulomb fitting basis             ... NOT available
Auxiliary J/K fitting basis                 ... NOT available
Auxiliary Correlation fitting basis         ... NOT available
Auxiliary 'external' fitting basis          ... NOT available
Integral threshold                          ...     1.000000e-10
Primitive cut-off                           ...     1.000000e-11
Primitive pair pre-selection threshold      ...     1.000000e-11

Calculating pre-screening integrals         ... done (  0.0 sec) Dimension = 9
Organizing shell pair data                  ... done (  0.0 sec)
Shell pair information
Total number of shell pairs                 ...        45
Shell pairs after pre-screening             ...        45
Total number of primitive shell pairs       ...       280
Primitive shell pairs kept                  ...       265
          la=0 lb=0:     28 shell pairs
          la=1 lb=0:     14 shell pairs
          la=1 lb=1:      3 shell pairs

Calculating one electron integrals          ... done (  0.0 sec)
Calculating Nuclear repulsion               ... done (  0.0 sec) ENN=      7.726481517027 Eh

SHARK setup successfully completed in   0.1 seconds

Maximum memory used throughout the entire GTOINT-calculation: 5.4 MB
-------------------------------------------------------------------------------
                                 ORCA SCF
-------------------------------------------------------------------------------

------------
SCF SETTINGS
------------
Hamiltonian:
 Ab initio Hamiltonian  Method          .... Hartree-Fock(GTOs)


General Settings:
 Integral files         IntName         .... h2o_6-31G
 Hartree-Fock type      HFTyp           .... RHF
 Total Charge           Charge          ....    0
 Multiplicity           Mult            ....    1
 Number of Electrons    NEL             ....   10
 Basis Dimension        Dim             ....   13
 Nuclear Repulsion      ENuc            ....      7.7264815170 Eh

Convergence Acceleration:
 DIIS                   CNVDIIS         .... on
   Start iteration      DIISMaxIt       ....    12
   Startup error        DIISStart       ....  0.200000
   # of expansion vecs  DIISMaxEq       ....     5
   Bias factor          DIISBfac        ....   1.050
   Max. coefficient     DIISMaxC        ....  10.000
 Trust-Rad. Augm. Hess. CNVTRAH         .... auto
   Auto Start mean grad. ratio tolernc. ....  1.125000
   Auto Start start iteration           ....    20
   Auto Start num. interpolation iter.  ....    10
   Max. Number of Micro iterations      ....    16
   Max. Number of Macro iterations      .... Maxiter - #DIIS iter
   Number of Davidson start vectors     ....     2
   Converg. threshold I  (grad. norm)   ....   5.000e-05
   Converg. threshold II (energy diff.) ....   1.000e-06
   Grad. Scal. Fac. for Micro threshold ....   0.100
   Minimum threshold for Micro iter.    ....   0.010
   NR start threshold (gradient norm)   ....   0.001
   Initial trust radius                 ....   0.400
   Minimum AH scaling param. (alpha)    ....   1.000
   Maximum AH scaling param. (alpha)    .... 1000.000
   Orbital update algorithm             .... Taylor
   White noise on init. David. guess    .... on
   Maximum white noise                  ....   0.010
   Quad. conv. algorithm                .... NR
 SOSCF                  CNVSOSCF        .... on
   Start iteration      SOSCFMaxIt      ....   150
   Startup grad/error   SOSCFStart      ....  0.003300
 Level Shifting         CNVShift        .... on
   Level shift para.    LevelShift      ....    0.2500
   Turn off err/grad.   ShiftErr        ....    0.0010
 Zerner damping         CNVZerner       .... off
 Static damping         CNVDamp         .... on
   Fraction old density DampFac         ....    0.7000
   Max. Damping (<1)    DampMax         ....    0.9800
   Min. Damping (>=0)   DampMin         ....    0.0000
   Turn off err/grad.   DampErr         ....    0.1000
 Fernandez-Rico         CNVRico         .... off

SCF Procedure:
 Maximum # iterations   MaxIter         ....   125
 SCF integral mode      SCFMode         .... Direct
   Integral package                     .... SHARK and LIBINT hybrid scheme
 Reset frequency        DirectResetFreq ....    20
 Integral Threshold     Thresh          ....  1.000e-10 Eh
 Primitive CutOff       TCut            ....  1.000e-11 Eh

Convergence Tolerance:
 Convergence Check Mode ConvCheckMode   .... Total+1el-Energy
 Convergence forced     ConvForced      .... 0
 Energy Change          TolE            ....  1.000e-06 Eh
 1-El. energy change                    ....  1.000e-03 Eh
 Orbital Gradient       TolG            ....  5.000e-05
 Orbital Rotation angle TolX            ....  5.000e-05
 DIIS Error             TolErr          ....  1.000e-06


Diagonalization of the overlap matrix:
Smallest eigenvalue                        ... 6.031e-02
Time for diagonalization                   ...    0.000 sec
Threshold for overlap eigenvalues          ... 1.000e-08
Number of eigenvalues below threshold      ... 0
Time for construction of square roots      ...    0.000 sec
Total time needed                          ...    0.000 sec

------------------------
ONE ELECTRON MATRIX (AU)
------------------------
                  0          1          2          3          4          5    
      0     -32.813187  -7.313053   0.022785  -0.000549  -0.014061  -5.333008
      1      -7.313053  -9.692084   0.155435  -0.003746  -0.095910  -7.215698
      2       0.022785   0.155435  -8.285886   0.001526   0.034508   0.150546
      3      -0.000549  -0.003746   0.001526  -8.227205  -0.000349  -0.003641
      4      -0.014061  -0.095910   0.034508  -0.000349  -8.256096  -0.092695
      5      -5.333008  -7.215698   0.150546  -0.003641  -0.092695  -7.083805
      6       0.003140   0.102580  -3.696389   0.001560   0.034379   0.261642
      7      -0.000076  -0.002483   0.001560  -3.637295  -0.000357  -0.006686
      8      -0.001938  -0.063135   0.034379  -0.000357  -3.665932  -0.155407
      9      -0.547705  -1.426214   1.118701  -0.001208  -1.099501  -2.199785
     10      -1.821683  -3.013461   0.851322  -0.002126  -0.817547  -3.816338
     11      -0.191252  -0.698467   0.848551  -0.040432  -0.206166  -1.446414
     12      -1.375033  -2.355127   1.040532  -0.048703  -0.266725  -3.138253
                  6          7          8          9         10         11    
      0       0.003140  -0.000076  -0.001938  -0.547705  -1.821683  -0.191252
      1       0.102580  -0.002483  -0.063135  -1.426214  -3.013461  -0.698467
      2      -3.696389   0.001560   0.034379   1.118701   0.851322   0.848551
      3       0.001560  -3.637295  -0.000357  -0.001208  -0.002126  -0.040432
      4       0.034379  -0.000357  -3.665932  -1.099501  -0.817547  -0.206166
      5       0.261642  -0.006686  -0.155407  -2.199785  -3.816338  -1.446414
      6      -4.679132   0.006213   0.111871   2.096240   1.776442   2.239550
      7       0.006213  -4.468849  -0.001420  -0.004958  -0.007996  -0.105537
      8       0.111871  -0.001420  -4.557854  -2.017461  -1.649400  -0.562764
      9       2.096240  -0.004958  -2.017461  -4.768553  -3.407791  -2.609121
     10       1.776442  -0.007996  -1.649400  -3.407791  -4.378437  -2.552420
     11       2.239550  -0.105537  -0.562764  -2.609121  -2.552420  -4.187913
     12       2.271904  -0.104542  -0.610921  -2.748267  -3.759431  -3.037888
                 12    
      0      -1.375033
      1      -2.355127
      2       1.040532
      3      -0.048703
      4      -0.266725
      5      -3.138253
      6       2.271904
      7      -0.104542
      8      -0.610921
      9      -2.748267
     10      -3.759431
     11      -3.037888
     12      -3.990833
--------------
OVERLAP MATRIX
--------------
                  0          1          2          3          4          5    
      0       1.000000   0.233690   0.000000   0.000000  -0.000000   0.167280
      1       0.233690   1.000000  -0.000000   0.000000   0.000000   0.763641
      2       0.000000  -0.000000   1.000000   0.000000  -0.000000  -0.000000
      3       0.000000   0.000000   0.000000   1.000000   0.000000   0.000000
      4      -0.000000   0.000000  -0.000000   0.000000   1.000000   0.000000
      5       0.167280   0.763641  -0.000000   0.000000   0.000000   1.000000
      6       0.000000   0.000000   0.501521   0.000000  -0.000000   0.000000
      7       0.000000   0.000000   0.000000   0.501521   0.000000   0.000000
      8      -0.000000  -0.000000  -0.000000   0.000000   0.501521   0.000000
      9       0.017031   0.152642  -0.138949   0.000000   0.138949   0.337638
     10       0.057019   0.322115  -0.103144   0.000000   0.103144   0.605569
     11       0.005916   0.075049  -0.105527   0.005124   0.024121   0.238423
     12       0.043023   0.251973  -0.130687   0.006345   0.029871   0.505938
                  6          7          8          9         10         11    
      0       0.000000   0.000000  -0.000000   0.017031   0.057019   0.005916
      1       0.000000   0.000000  -0.000000   0.152642   0.322115   0.075049
      2       0.501521   0.000000  -0.000000  -0.138949  -0.103144  -0.105527
      3       0.000000   0.501521   0.000000   0.000000   0.000000   0.005124
      4      -0.000000   0.000000   0.501521   0.138949   0.103144   0.024121
      5       0.000000   0.000000   0.000000   0.337638   0.605569   0.238423
      6       1.000000   0.000000   0.000000  -0.380623  -0.352221  -0.436399
      7       0.000000   1.000000   0.000000   0.000000   0.000000   0.021189
      8       0.000000   0.000000   1.000000   0.380623   0.352221   0.099749
      9      -0.380623   0.000000   0.380623   1.000000   0.658292   0.486155
     10      -0.352221   0.000000   0.352221   0.658292   1.000000   0.520919
     11      -0.436399   0.021189   0.099749   0.486155   0.520919   1.000000
     12      -0.479048   0.023259   0.109498   0.520919   0.866268   0.658292
                 12    
      0       0.043023
      1       0.251973
      2      -0.130687
      3       0.006345
      4       0.029871
      5       0.505938
      6      -0.479048
      7       0.023259
      8       0.109498
      9       0.520919
     10       0.866268
     11       0.658292
     12       1.000000
Time for model grid setup =    0.007 sec

------------------------------
INITIAL GUESS: MODEL POTENTIAL
------------------------------
Loading Hartree-Fock densities                     ... done
Calculating cut-offs                               ... done
Initializing the effective Hamiltonian             ... done
Setting up the integral package (SHARK)            ... done
Starting the Coulomb interaction                   ... done (   0.0 sec)
Reading the grid                                   ... done
Mapping shells                                     ... done
Starting the XC term evaluation                    ... done (   0.0 sec)
Transforming the Hamiltonian                       ... done (   0.0 sec)
Diagonalizing the Hamiltonian                      ... done (   0.0 sec)
Back transforming the eigenvectors                 ... done (   0.0 sec)
Now organizing SCF variables                       ... done
                      ------------------
                      INITIAL GUESS DONE (   0.0 sec)
                      ------------------
--------------
SCF ITERATIONS
--------------
ITER       Energy         Delta-E        Max-DP      RMS-DP      [F,P]     Damp
               ***  Starting incremental Fock matrix formation  ***
Fock matrix for operator 0
                  0          1          2          3          4          5    
      0     -20.231394  -5.065777   0.025548  -0.000658  -0.015014  -3.591148
      1      -5.065777  -1.930837   0.050895  -0.001043  -0.034512  -1.957426
      2       0.025548   0.050895   0.210798  -0.008163  -0.082836   0.090670
      3      -0.000658  -0.001043  -0.008163  -0.002107   0.001132  -0.002180
      4      -0.015014  -0.034512  -0.082836   0.001132   0.062703  -0.056006
      5      -3.591148  -1.957426   0.090670  -0.002180  -0.056006  -1.498395
      6       0.005179   0.046444  -0.526316  -0.002459  -0.018347   0.199465
      7      -0.000137  -0.000943  -0.002682  -0.583763   0.000747  -0.005073
      8      -0.002995  -0.031525  -0.014681   0.000518  -0.577438  -0.118766
      9      -0.379796  -0.518076   0.354950  -0.000401  -0.348548  -0.567357
     10      -1.236096  -0.925565   0.260385  -0.001590  -0.235073  -0.820461
     11      -0.136238  -0.297888   0.371400  -0.017555  -0.092392  -0.400737
     12      -0.934536  -0.740059   0.322827  -0.014611  -0.090551  -0.688352
                  6          7          8          9         10         11    
      0       0.005179  -0.000137  -0.002995  -0.379796  -1.236096  -0.136238
      1       0.046444  -0.000943  -0.031525  -0.518076  -0.925565  -0.297888
      2      -0.526316  -0.002682  -0.014681   0.354950   0.260385   0.371400
      3      -0.002459  -0.583763   0.000518  -0.000401  -0.001590  -0.017555
      4      -0.018347   0.000747  -0.577438  -0.348548  -0.235073  -0.092392
      5       0.199465  -0.005073  -0.118766  -0.567357  -0.820461  -0.400737
      6      -0.071958   0.005156   0.095448   0.419401   0.328557   0.471473
      7       0.005156   0.105245  -0.000747  -0.005770  -0.007890  -0.019004
      8       0.095448  -0.000747   0.021727  -0.327659  -0.203100  -0.169342
      9       0.419401  -0.005770  -0.327659  -0.353472  -0.706610  -0.653834
     10       0.328557  -0.007890  -0.203100  -0.706610  -0.647893  -0.591135
     11       0.471473  -0.019004  -0.169342  -0.653834  -0.591135  -0.245989
     12       0.348961  -0.011562  -0.165039  -0.647182  -0.601854  -0.606377
                 12    
      0      -0.934536
      1      -0.740059
      2       0.322827
      3      -0.014611
      4      -0.090551
      5      -0.688352
      6       0.348961
      7      -0.011562
      8      -0.165039
      9      -0.647182
     10      -0.601854
     11      -0.606377
     12      -0.545932
  0    -75.7101063188   0.000000000000 0.05917382  0.01145453  0.3467327 0.7000
Fock matrix for operator 0
                  0          1          2          3          4          5    
      0     -20.403391  -5.096297   0.023816  -0.000598  -0.014241  -3.614782
      1      -5.096297  -2.015999   0.044605  -0.000853  -0.031211  -2.013584
      2       0.023816   0.044605   0.145702  -0.009134  -0.088319   0.084297
      3      -0.000598  -0.000853  -0.009134  -0.087987   0.000949  -0.001988
      4      -0.014241  -0.031211  -0.088319   0.000949  -0.014929  -0.052696
      5      -3.614782  -2.013584   0.084297  -0.001988  -0.052696  -1.549322
      6       0.004923   0.040949  -0.540511  -0.003219  -0.024578   0.189714
      7      -0.000129  -0.000786  -0.003437  -0.616234   0.000749  -0.004770
      8      -0.002867  -0.028515  -0.020991   0.000525  -0.603759  -0.113849
      9      -0.381860  -0.522418   0.350942   0.000047  -0.351668  -0.572929
     10      -1.243962  -0.944538   0.257025  -0.001257  -0.237020  -0.840034
     11      -0.136862  -0.297889   0.370117  -0.017672  -0.089247  -0.402637
     12      -0.940434  -0.753820   0.322133  -0.014757  -0.087549  -0.703054
                  6          7          8          9         10         11    
      0       0.004923  -0.000129  -0.002867  -0.381860  -1.243962  -0.136862
      1       0.040949  -0.000786  -0.028515  -0.522418  -0.944538  -0.297889
      2      -0.540511  -0.003437  -0.020991   0.350942   0.257025   0.370117
      3      -0.003219  -0.616234   0.000525   0.000047  -0.001257  -0.017672
      4      -0.024578   0.000749  -0.603759  -0.351668  -0.237020  -0.089247
      5       0.189714  -0.004770  -0.113849  -0.572929  -0.840034  -0.402637
      6      -0.093778   0.004635   0.089764   0.419419   0.326874   0.474247
      7       0.004635   0.069447  -0.000625  -0.005471  -0.007561  -0.019246
      8       0.089764  -0.000625  -0.010321  -0.332440  -0.206659  -0.168293
      9       0.419419  -0.005471  -0.332440  -0.353171  -0.712068  -0.658057
     10       0.326874  -0.007561  -0.206659  -0.712068  -0.655561  -0.593848
     11       0.474247  -0.019246  -0.168293  -0.658057  -0.593848  -0.238659
     12       0.351291  -0.011855  -0.162734  -0.652115  -0.606897  -0.608522
                 12    
      0      -0.940434
      1      -0.753820
      2       0.322133
      3      -0.014757
      4      -0.087549
      5      -0.703054
      6       0.351291
      7      -0.011855
      8      -0.162734
      9      -0.652115
     10      -0.606897
     11      -0.608522
     12      -0.548940
  1    -75.7446969607  -0.034590641926 0.04519231  0.00821107  0.2245060 0.7000
                               ***Turning on DIIS***
Fock matrix for operator 0
                  0          1          2          3          4          5    
      0     -20.520871  -5.117036   0.022290  -0.000546  -0.013549  -3.630875
      1      -5.117036  -2.076875   0.039747  -0.000702  -0.028720  -2.053147
      2       0.022290   0.039747   0.103733  -0.010039  -0.093564   0.079550
      3      -0.000546  -0.000702  -0.010039  -0.149452   0.000830  -0.001842
      4      -0.013549  -0.028720  -0.093564   0.000830  -0.069392  -0.050267
      5      -3.630875  -2.053147   0.079550  -0.001842  -0.050267  -1.584658
      6       0.004708   0.036692  -0.548084  -0.003862  -0.029838   0.182120
      7      -0.000122  -0.000661  -0.004080  -0.639255   0.000780  -0.004530
      8      -0.002759  -0.026243  -0.026256   0.000556  -0.622057  -0.110081
      9      -0.383238  -0.524716   0.346756   0.000404  -0.353176  -0.575990
     10      -1.249309  -0.957356   0.253766  -0.000990  -0.237997  -0.853105
     11      -0.137269  -0.297185   0.368181  -0.017716  -0.086606  -0.403342
     12      -0.944441  -0.762938   0.320734  -0.014829  -0.085015  -0.712758
                  6          7          8          9         10         11    
      0       0.004708  -0.000122  -0.002759  -0.383238  -1.249309  -0.137269
      1       0.036692  -0.000661  -0.026243  -0.524716  -0.957356  -0.297185
      2      -0.548084  -0.004080  -0.026256   0.346756   0.253766   0.368181
      3      -0.003862  -0.639255   0.000556   0.000404  -0.000990  -0.017716
      4      -0.029838   0.000780  -0.622057  -0.353176  -0.237997  -0.086606
      5       0.182120  -0.004530  -0.110081  -0.575990  -0.853105  -0.403342
      6      -0.107827   0.004228   0.085341   0.418405   0.324940   0.475304
      7       0.004228   0.044484  -0.000508  -0.005253  -0.007310  -0.019370
      8       0.085341  -0.000508  -0.032704  -0.334913  -0.208722  -0.167390
      9       0.418405  -0.005253  -0.334913  -0.350846  -0.715059  -0.660671
     10       0.324940  -0.007310  -0.208722  -0.715059  -0.660066  -0.595409
     11       0.475304  -0.019370  -0.167390  -0.660671  -0.595409  -0.231706
     12       0.352206  -0.012033  -0.160848  -0.655173  -0.609749  -0.609561
                 12    
      0      -0.944441
      1      -0.762938
      2       0.320734
      3      -0.014829
      4      -0.085015
      5      -0.712758
      6       0.352206
      7      -0.012033
      8      -0.160848
      9      -0.655173
     10      -0.609749
     11      -0.609561
     12      -0.550267
  2    -75.7638165884  -0.019119627696 0.02924817  0.00441718  0.1364507 0.7000
Fock matrix for operator 0
                  0          1          2          3          4          5    
      0     -20.650960  -5.139581   0.020149  -0.000478  -0.012521  -3.648569
      1      -5.139581  -2.148484   0.033203  -0.000491  -0.025475  -2.098710
      2       0.020149   0.033203   0.063145  -0.011472  -0.103320   0.073524
      3      -0.000478  -0.000491  -0.011472  -0.222347   0.000816  -0.001655
      4      -0.012521  -0.025475  -0.103320   0.000816  -0.132522  -0.047210
      5      -3.648569  -2.098710   0.073524  -0.001655  -0.047210  -1.624413
      6       0.004399   0.030868  -0.552492  -0.004762  -0.038003   0.172215
      7      -0.000113  -0.000481  -0.004989  -0.666075   0.000928  -0.004216
      8      -0.002594  -0.023267  -0.034282   0.000695  -0.643111  -0.105188
      9      -0.384709  -0.525908   0.339740   0.000868  -0.353538  -0.578120
     10      -1.255185  -0.971116   0.248484  -0.000639  -0.238296  -0.866993
     11      -0.137690  -0.295152   0.364354  -0.017701  -0.083021  -0.403285
     12      -0.948840  -0.772414   0.317575  -0.014860  -0.081391  -0.722933
                  6          7          8          9         10         11    
      0       0.004399  -0.000113  -0.002594  -0.384709  -1.255185  -0.137690
      1       0.030868  -0.000481  -0.023267  -0.525908  -0.971116  -0.295152
      2      -0.552492  -0.004989  -0.034282   0.339740   0.248484   0.364354
      3      -0.004762  -0.666075   0.000695   0.000868  -0.000639  -0.017701
      4      -0.038003   0.000928  -0.643111  -0.353538  -0.238296  -0.083021
      5       0.172215  -0.004216  -0.105188  -0.578120  -0.866993  -0.403285
      6      -0.122150   0.003731   0.079530   0.416253   0.321931   0.475578
      7       0.003731   0.016431  -0.000304  -0.005035  -0.007021  -0.019440
      8       0.079530  -0.000304  -0.058161  -0.336239  -0.210321  -0.166576
      9       0.416253  -0.005035  -0.336239  -0.345067  -0.717483  -0.664014
     10       0.321931  -0.007021  -0.210321  -0.717483  -0.664007  -0.597224
     11       0.475578  -0.019440  -0.166576  -0.664014  -0.597224  -0.221099
     12       0.352437  -0.012196  -0.158526  -0.658652  -0.612268  -0.610373
                 12    
      0      -0.948840
      1      -0.772414
      2       0.317575
      3      -0.014860
      4      -0.081391
      5      -0.722933
      6       0.352437
      7      -0.012196
      8      -0.158526
      9      -0.658652
     10      -0.612268
     11      -0.610373
     12      -0.550798
  3    -75.9305656168  -0.166749028412 0.05741531  0.00777339  0.0856673 0.0000
Fock matrix for operator 0
                  0          1          2          3          4          5    
      0     -20.642800  -5.136848   0.019019  -0.000453  -0.011798  -3.647062
      1      -5.136848  -2.156227   0.030148  -0.000372  -0.024260  -2.100804
      2       0.019019   0.030148   0.084255  -0.012661  -0.115434   0.071588
      3      -0.000453  -0.000372  -0.012661  -0.232026   0.001262  -0.001593
      4      -0.011798  -0.024260  -0.115434   0.001262  -0.137394  -0.046264
      5      -3.647062  -2.100804   0.071588  -0.001593  -0.046264  -1.623532
      6       0.004200   0.027752  -0.539999  -0.005244  -0.044856   0.168487
      7      -0.000109  -0.000362  -0.005504  -0.668052   0.001295  -0.004100
      8      -0.002462  -0.022016  -0.040637   0.001030  -0.644088  -0.103320
      9      -0.384436  -0.521602   0.333015   0.001011  -0.349087  -0.574252
     10      -1.254667  -0.968794   0.243712  -0.000505  -0.235660  -0.864348
     11      -0.137560  -0.291509   0.359274  -0.017482  -0.081434  -0.400957
     12      -0.948438  -0.769858   0.312717  -0.014693  -0.079212  -0.720643
                  6          7          8          9         10         11    
      0       0.004200  -0.000109  -0.002462  -0.384436  -1.254667  -0.137560
      1       0.027752  -0.000362  -0.022016  -0.521602  -0.968794  -0.291509
      2      -0.539999  -0.005504  -0.040637   0.333015   0.243712   0.359274
      3      -0.005244  -0.668052   0.001030   0.001011  -0.000505  -0.017482
      4      -0.044856   0.001295  -0.644088  -0.349087  -0.235660  -0.081434
      5       0.168487  -0.004100  -0.103320  -0.574252  -0.864348  -0.400957
      6      -0.117744   0.003653   0.077280   0.413883   0.319932   0.473190
      7       0.003653   0.017289  -0.000098  -0.005167  -0.007035  -0.019228
      8       0.077280  -0.000098  -0.058263  -0.331786  -0.208118  -0.167605
      9       0.413883  -0.005167  -0.331786  -0.336342  -0.715037  -0.665830
     10       0.319932  -0.007035  -0.208118  -0.715037  -0.660929  -0.597873
     11       0.473190  -0.019228  -0.167605  -0.665830  -0.597873  -0.213621
     12       0.350346  -0.012085  -0.158250  -0.659219  -0.610612  -0.609681
                 12    
      0      -0.948438
      1      -0.769858
      2       0.312717
      3      -0.014693
      4      -0.079212
      5      -0.720643
      6       0.350346
      7      -0.012085
      8      -0.158250
      9      -0.659219
     10      -0.610612
     11      -0.609681
     12      -0.548317
  4    -75.8237322152   0.106833401620 0.02037058  0.00448112  0.0188876 0.0000
Fock matrix for operator 0
                  0          1          2          3          4          5    
      0     -20.622531  -5.133107   0.018807  -0.000457  -0.011544  -3.644178
      1      -5.133107  -2.149621   0.030417  -0.000359  -0.024715  -2.095416
      2       0.018807   0.030417   0.100356  -0.012999  -0.120738   0.071905
      3      -0.000457  -0.000359  -0.012999  -0.226472   0.001687  -0.001602
      4      -0.011544  -0.024715  -0.120738   0.001687  -0.133352  -0.046433
      5      -3.644178  -2.095416   0.071905  -0.001602  -0.046433  -1.617942
      6       0.004159   0.027133  -0.532608  -0.005356  -0.047663   0.168448
      7      -0.000109  -0.000325  -0.005643  -0.665215   0.001543  -0.004102
      8      -0.002418  -0.021981  -0.043035   0.001253  -0.642384  -0.103252
      9      -0.384061  -0.519292   0.330145   0.000983  -0.345757  -0.572459
     10      -1.253647  -0.965701   0.241820  -0.000496  -0.233913  -0.861588
